Pk,Tm,Player,Yrs,G,MP,PTS,TRB,AST,FG%,3P%,FT%,MP,PTS,TRB,AST,WS,WS/48,BPM,VORP
,,,,,,,,,,,,,,,,,,,
1,CLE,Kyrie Irving,11,611,20804,14089,2339,3503,.470,.393,.882,34.0,23.1,3.8,5.7,72.0,.166,4.5,34.2
2,MIN,Derrick Williams,7,428,8864,3809,1693,293,.434,.300,.710,20.7,8.9,4.0,0.7,14.1,.076,-1.6,0.8
3,UTA,Enes Freedom,11,748,16101,8349,5822,638,.548,.289,.777,21.5,11.2,7.8,0.9,52.8,.157,-0.1,7.6
4,CLE,Tristan Thompson,11,730,19556,6592,6120,725,.519,.263,.605,26.8,9.0,8.4,1.0,47.6,.117,-1.7,1.4
5,TOR,Jonas Valančiūnas,10,695,18141,9319,6571,824,.563,.359,.785,26.1,13.4,9.5,1.2,67.4,.178,1.1,14.3
6,WAS,Jan Veselý,3,162,2455,590,562,96,.521,.000,.408,15.2,3.6,3.5,0.6,4.0,.078,-2.6,-0.4
7,SAC,Bismack Biyombo,11,738,14719,3814,4482,442,.530,.000,.564,19.9,5.2,6.1,0.6,29.4,.096,-2.6,-2.2
8,DET,Brandon Knight,9,451,13202,6301,1385,1777,.411,.352,.807,29.3,14.0,3.1,3.9,11.6,.042,-1.6,1.4
9,CHA,Kemba Walker,11,741,24666,14414,2815,3919,.418,.360,.840,33.3,19.5,3.8,5.3,59.6,.116,2.8,29.8
10,MIL,Jimmer Fredette,6,241,3213,1438,243,331,.409,.372,.879,13.3,6.0,1.0,1.4,2.2,.033,-2.5,-0.4
11,GSW,Klay Thompson,9,647,21281,12647,2255,1504,.458,.417,.849,32.9,19.5,3.5,2.3,48.5,.110,0.8,14.9
12,UTA,Alec Burks,11,625,14379,6649,2210,1264,.418,.380,.799,23.0,10.6,3.5,2.0,26.0,.087,-0.5,5.3
13,PHO,Markieff Morris,11,715,17724,7822,3714,1153,.446,.341,.777,24.8,10.9,5.2,1.6,27.1,.073,-1.4,2.8
14,HOU,Marcus Morris,11,718,19451,8921,3298,1085,.435,.377,.773,27.1,12.4,4.6,1.5,36.4,.090,-0.5,7.1
15,IND,Kawhi Leonard,10,576,18025,11085,3689,1672,.493,.384,.858,31.3,19.2,6.4,2.9,83.3,.222,6.9,40.4
16,PHI,Nikola Vučević,11,741,22869,12553,7731,2037,.494,.348,.757,30.9,16.9,10.4,2.7,58.9,.124,2.2,24.3
17,NYK,Iman Shumpert,10,461,11470,3320,1534,845,.391,.337,.764,24.9,7.2,3.3,1.8,12.9,.054,-1.7,0.9
18,WAS,Chris Singleton,3,148,2605,612,472,92,.376,.319,.633,17.6,4.1,3.2,0.6,2.3,.042,-3.2,-0.8
19,CHA,Tobias Harris,11,753,23618,12313,4660,1728,.476,.367,.828,31.4,16.4,6.2,2.3,58.4,.119,1.1,18.3
20,MIN,Donatas Motiejūnas,6,251,4566,1832,952,269,.469,.300,.597,18.2,7.3,3.8,1.1,7.1,.075,-2.5,-0.5
21,POR,Nolan Smith,2,84,829,277,83,97,.371,.260,.714,9.9,3.3,1.0,1.2,-0.8,-.047,-6.0,-0.8
22,DEN,Kenneth Faried,8,478,11728,5430,3884,470,.546,.222,.654,24.5,11.4,8.1,1.0,38.8,.159,0.5,7.5
23,HOU,Nikola Mirotić,5,319,7718,3910,1894,407,.423,.359,.808,24.2,12.3,5.9,1.3,20.8,.129,1.6,7.1
24,OKC,Reggie Jackson,11,703,18001,9183,2122,3020,.424,.345,.854,25.6,13.1,3.0,4.3,33.5,.089,0.0,9.1
25,BOS,MarShon Brooks,5,200,3456,1592,424,282,.447,.345,.751,17.3,8.0,2.1,1.4,3.3,.046,-1.6,0.4
26,DAL,Jordan Hamilton,5,151,2100,890,429,127,.408,.357,.670,13.9,5.9,2.8,0.8,3.0,.069,-0.1,1.0
27,NJN,JaJuan Johnson,1,36,298,114,58,6,.446,,.667,8.3,3.2,1.6,0.2,0.2,.032,-3.9,-0.1
28,CHI,Norris Cole,6,360,8018,2506,702,981,.407,.324,.743,22.3,7.0,2.0,2.7,3.0,.018,-4.1,-4.1
29,SAS,Cory Joseph,11,728,16161,5161,1884,2186,.444,.344,.787,22.2,7.1,2.6,3.0,28.7,.085,-1.1,3.9
30,CHI,Jimmy Butler,11,690,22864,12222,3658,2836,.460,.321,.841,33.1,17.7,5.3,4.1,93.6,.196,4.7,38.3