Pk,Tm,Player,Yrs,G,MP,PTS,TRB,AST,FG%,3P%,FT%,MP,PTS,TRB,AST,WS,WS/48,BPM,VORP
,,,,,,,,,,,,,,,,,,,
1,WAS,John Wall,10,613,21833,11702,2612,5557,.431,.323,.779,35.6,19.1,4.3,9.1,44.1,.097,2.4,24.0
2,PHI,Evan Turner,10,705,18938,6824,3278,2462,.434,.294,.782,26.9,9.7,4.6,3.5,20.2,.051,-1.9,0.5
3,NJN,Derrick Favors,12,790,19202,8354,5608,851,.534,.198,.663,24.3,10.6,7.1,1.1,60.2,.150,0.9,14.0
4,MIN,Wesley Johnson,9,609,13472,4235,1924,645,.404,.337,.741,22.1,7.0,3.2,1.1,10.7,.038,-1.6,1.2
5,SAC,DeMarcus Cousins,11,654,19509,12802,6664,1979,.460,.331,.737,29.8,19.6,10.2,3.0,46.8,.115,2.4,21.6
6,GSW,Ekpe Udoh,7,384,5694,1353,1100,260,.453,.000,.718,14.8,3.5,2.9,0.7,10.4,.088,-1.4,0.8
7,DET,Greg Monroe,10,646,17670,8402,5293,1376,.514,.059,.703,27.4,13.0,8.2,2.1,50.4,.137,1.4,15.3
8,LAC,Al-Farouq Aminu,11,711,17698,5350,4280,879,.420,.332,.746,24.9,7.5,6.0,1.2,27.6,.075,-0.6,6.5
9,UTA,Gordon Hayward,12,734,22832,11454,3302,2576,.453,.371,.826,31.1,15.6,4.5,3.5,60.1,.126,2.0,22.8
10,IND,Paul George,12,737,24741,15029,4735,2641,.435,.382,.848,33.6,20.4,6.4,3.6,76.6,.149,4.1,38.0
11,NOH,Cole Aldrich,8,339,3389,1050,1131,183,.527,,.738,10.0,3.1,3.3,0.5,9.6,.135,0.1,1.8
12,MEM,Xavier Henry,5,185,2905,1050,351,120,.406,.325,.635,15.7,5.7,1.9,0.6,0.8,.013,-4.4,-1.7
13,TOR,Ed Davis,12,722,13756,4291,4616,539,.567,.000,.583,19.1,5.9,6.4,0.7,43.3,.151,-0.2,6.2
14,HOU,Patrick Patterson,11,719,14923,4782,2799,736,.447,.369,.755,20.8,6.7,3.9,1.0,31.9,.102,0.0,7.4
15,MIL,Larry Sanders,6,238,4635,1520,1345,174,.480,.000,.553,19.5,6.4,5.7,0.7,10.3,.107,-1.1,1.1
16,MIN,Luke Babbitt,8,381,5332,1818,846,224,.408,.402,.747,14.0,4.8,2.2,0.6,7.2,.065,-2.1,-0.1
17,CHI,Kevin Séraphin,7,423,6430,2516,1462,246,.489,.000,.715,15.2,5.9,3.5,0.6,5.9,.044,-4.3,-3.6
18,OKC,Eric Bledsoe,12,756,21021,10348,2937,3545,.452,.336,.784,27.8,13.7,3.9,4.7,46.1,.105,1.6,18.8
19,BOS,Avery Bradley,12,660,18151,7279,1863,1105,.434,.365,.783,27.5,11.0,2.8,1.7,17.2,.045,-2.4,-1.8
20,SAS,James Anderson,5,247,4320,1422,560,291,.411,.321,.755,17.5,5.8,2.3,1.2,3.3,.037,-2.7,-0.8
21,OKC,Craig Brackins,2,17,121,30,19,9,.265,.214,.500,7.1,1.8,1.1,0.5,-0.2,-.089,-9.9,-0.2
22,POR,Elliot Williams,4,109,1470,537,161,94,.421,.310,.669,13.5,4.9,1.5,0.9,0.7,.024,-4.9,-1.1
23,MIN,Trevor Booker,8,532,10872,3679,2932,566,.515,.305,.636,20.4,6.9,5.5,1.1,26.2,.116,-0.5,4.2
24,ATL,Damion James,4,39,623,150,131,26,.415,.000,.667,16.0,3.8,3.4,0.7,0.0,-.001,-3.7,-0.3
25,MEM,Dominique Jones,3,80,741,246,114,144,.366,.095,.729,9.3,3.1,1.4,1.8,0.3,.017,-2.4,-0.1
26,OKC,Quincy Pondexter,7,355,5530,1609,640,263,.423,.356,.746,15.6,4.5,1.8,0.7,9.7,.084,-1.8,0.3
27,NJN,Jordan Crawford,6,281,6843,3432,703,883,.411,.317,.826,24.4,12.2,2.5,3.1,6.3,.044,-1.3,1.3
28,MEM,Greivis Vásquez,7,401,9520,3591,1021,1935,.418,.349,.817,23.7,9.0,2.5,4.8,12.6,.064,-1.2,1.8
29,ORL,Daniel Orton,3,51,542,143,126,24,.485,.000,.597,10.6,2.8,2.5,0.5,1.0,.093,-3.5,-0.2
30,WAS,Lazar Hayward,3,72,591,207,90,35,.347,.269,.767,8.2,2.9,1.3,0.5,0.2,.020,-4.2,-0.3